# PAM results
# n = 500
# k = 4
# total_cost = 32788

# medoids:
46 309 380 240

# columns: vertex cluster medoid dist
0 2 380 96
1 2 380 33
2 3 240 63
3 1 309 44
4 3 240 77
5 1 309 56
6 1 309 107
7 3 240 43
8 2 380 112
9 3 240 81
10 1 309 14
11 2 380 95
12 3 240 74
13 2 380 42
14 2 380 77
15 2 380 13
16 1 309 13
17 2 380 26
18 2 380 51
19 2 380 102
20 1 309 86
21 1 309 49
22 2 380 38
23 2 380 57
24 3 240 41
25 2 380 47
26 2 380 52
27 2 380 107
28 1 309 32
29 3 240 85
30 3 240 84
31 1 309 37
32 1 309 80
33 1 309 49
34 2 380 70
35 3 240 25
36 1 309 38
37 1 309 68
38 3 240 89
39 1 309 90
40 2 380 73
41 2 380 86
42 1 309 63
43 2 380 57
44 1 309 97
45 1 309 29
46 0 46 0
47 2 380 63
48 3 240 64
49 1 309 115
50 2 380 84
51 1 309 48
52 3 240 87
53 2 380 66
54 3 240 96
55 3 240 70
56 2 380 80
57 2 380 47
58 1 309 2
59 3 240 26
60 2 380 60
61 3 240 49
62 1 309 62
63 1 309 20
64 2 380 23
65 3 240 65
66 1 309 60
67 2 380 42
68 3 240 75
69 2 380 50
70 1 309 83
71 1 309 50
72 1 309 48
73 3 240 64
74 3 240 105
75 3 240 45
76 3 240 89
77 3 240 56
78 3 240 41
79 3 240 69
80 1 309 90
81 2 380 92
82 3 240 77
83 3 240 55
84 3 240 119
85 2 380 47
86 2 380 79
87 1 309 75
88 3 240 43
89 1 309 43
90 1 309 90
91 2 380 41
92 2 380 54
93 1 309 39
94 1 309 31
95 3 240 91
96 2 380 46
97 2 380 10
98 3 240 79
99 1 309 173
100 2 380 79
101 3 240 128
102 1 309 75
103 1 309 38
104 1 309 57
105 1 309 32
106 1 309 72
107 2 380 70
108 3 240 69
109 3 240 25
110 2 380 32
111 3 240 75
112 2 380 107
113 1 309 80
114 2 380 98
115 1 309 37
116 2 380 48
117 1 309 81
118 1 309 43
119 2 380 79
120 2 380 72
121 3 240 50
122 1 309 81
123 3 240 83
124 1 309 68
125 2 380 102
126 2 380 123
127 2 380 54
128 2 380 76
129 3 240 67
130 1 309 53
131 3 240 52
132 2 380 70
133 1 309 75
134 1 309 68
135 1 309 73
136 1 309 78
137 1 309 101
138 3 240 48
139 1 309 71
140 3 240 37
141 1 309 59
142 1 309 41
143 1 309 32
144 1 309 66
145 2 380 90
146 2 380 55
147 1 309 67
148 2 380 78
149 2 380 118
150 2 380 70
151 1 309 114
152 1 309 45
153 1 309 99
154 1 309 60
155 2 380 90
156 3 240 62
157 2 380 39
158 1 309 97
159 1 309 79
160 2 380 65
161 2 380 59
162 3 240 62
163 3 240 111
164 2 380 63
165 2 380 60
166 3 240 81
167 2 380 87
168 3 240 51
169 1 309 29
170 2 380 114
171 1 309 50
172 2 380 116
173 2 380 103
174 2 380 61
175 1 309 68
176 2 380 85
177 1 309 69
178 3 240 37
179 2 380 55
180 3 240 107
181 3 240 49
182 3 240 102
183 3 240 50
184 1 309 60
185 3 240 30
186 1 309 91
187 1 309 56
188 2 380 46
189 3 240 66
190 3 240 82
191 1 309 104
192 2 380 9
193 2 380 14
194 2 380 54
195 3 240 50
196 1 309 52
197 1 309 105
198 2 380 66
199 1 309 50
200 2 380 80
201 2 380 71
202 2 380 71
203 1 309 41
204 3 240 22
205 3 240 50
206 1 309 67
207 1 309 37
208 1 309 84
209 2 380 8
210 1 309 65
211 1 309 51
212 3 240 32
213 3 240 86
214 3 240 33
215 1 309 57
216 1 309 31
217 3 240 46
218 1 309 38
219 2 380 63
220 2 380 40
221 2 380 49
222 1 309 71
223 1 309 37
224 3 240 95
225 1 309 86
226 3 240 119
227 3 240 19
228 1 309 47
229 3 240 102
230 1 309 81
231 1 309 58
232 2 380 78
233 1 309 128
234 1 309 74
235 3 240 79
236 3 240 39
237 1 309 64
238 2 380 31
239 3 240 97
240 3 240 0
241 1 309 51
242 2 380 44
243 3 240 22
244 3 240 85
245 1 309 64
246 1 309 131
247 3 240 87
248 2 380 80
249 2 380 65
250 3 240 104
251 1 309 79
252 2 380 65
253 2 380 43
254 2 380 125
255 1 309 89
256 2 380 93
257 1 309 59
258 2 380 113
259 2 380 78
260 3 240 25
261 1 309 93
262 1 309 79
263 1 309 90
264 2 380 27
265 2 380 58
266 1 309 89
267 1 309 113
268 3 240 70
269 1 309 78
270 2 380 16
271 1 309 50
272 2 380 32
273 3 240 43
274 2 380 19
275 2 380 44
276 3 240 21
277 3 240 64
278 3 240 94
279 2 380 80
280 2 380 84
281 2 380 78
282 1 309 78
283 1 309 74
284 2 380 64
285 3 240 9
286 1 309 78
287 1 309 122
288 3 240 66
289 1 309 83
290 1 309 49
291 2 380 85
292 3 240 78
293 3 240 54
294 3 240 31
295 3 240 95
296 2 380 31
297 2 380 91
298 3 240 83
299 3 240 69
300 1 309 73
301 2 380 186
302 2 380 37
303 2 380 59
304 1 309 19
305 1 309 115
306 1 309 36
307 1 309 90
308 3 240 95
309 1 309 0
310 3 240 56
311 3 240 23
312 2 380 50
313 1 309 82
314 3 240 108
315 3 240 92
316 1 309 114
317 3 240 90
318 1 309 95
319 1 309 155
320 2 380 51
321 3 240 86
322 2 380 81
323 2 380 25
324 1 309 55
325 1 309 19
326 3 240 109
327 3 240 102
328 3 240 72
329 2 380 94
330 1 309 40
331 2 380 35
332 3 240 46
333 3 240 64
334 1 309 8
335 1 309 72
336 2 380 52
337 2 380 9
338 3 240 68
339 3 240 62
340 2 380 53
341 1 309 76
342 1 309 67
343 3 240 48
344 1 309 115
345 1 309 72
346 1 309 75
347 1 309 75
348 2 380 56
349 1 309 44
350 1 309 50
351 3 240 33
352 1 309 70
353 3 240 85
354 2 380 77
355 3 240 4
356 1 309 100
357 1 309 98
358 1 309 54
359 3 240 123
360 1 309 73
361 1 309 38
362 3 240 75
363 1 309 79
364 3 240 49
365 3 240 39
366 1 309 75
367 1 309 59
368 1 309 78
369 1 309 82
370 1 309 44
371 3 240 51
372 1 309 62
373 3 240 53
374 2 380 86
375 1 309 60
376 1 309 71
377 2 380 74
378 2 380 54
379 2 380 77
380 2 380 0
381 2 380 117
382 3 240 72
383 1 309 87
384 3 240 47
385 2 380 62
386 2 380 30
387 2 380 41
388 3 240 80
389 3 240 105
390 1 309 56
391 2 380 108
392 1 309 37
393 1 309 57
394 1 309 90
395 1 309 50
396 3 240 27
397 1 309 61
398 1 309 55
399 1 309 26
400 3 240 71
401 2 380 115
402 1 309 146
403 3 240 76
404 2 380 64
405 3 240 40
406 2 380 108
407 2 380 27
408 3 240 70
409 1 309 42
410 1 309 80
411 1 309 72
412 1 309 48
413 1 309 122
414 1 309 68
415 2 380 46
416 2 380 158
417 3 240 69
418 2 380 16
419 3 240 44
420 2 380 17
421 1 309 40
422 1 309 59
423 1 309 111
424 3 240 68
425 1 309 76
426 1 309 82
427 1 309 52
428 3 240 40
429 2 380 97
430 1 309 47
431 2 380 37
432 1 309 78
433 3 240 106
434 3 240 60
435 1 309 83
436 1 309 5
437 2 380 35
438 2 380 88
439 3 240 53
440 1 309 13
441 2 380 64
442 2 380 61
443 3 240 63
444 3 240 67
445 2 380 25
446 3 240 76
447 3 240 26
448 3 240 42
449 3 240 61
450 1 309 96
451 3 240 90
452 3 240 112
453 3 240 56
454 2 380 89
455 1 309 92
456 1 309 55
457 1 309 76
458 2 380 86
459 1 309 40
460 1 309 87
461 3 240 61
462 1 309 46
463 3 240 94
464 1 309 55
465 2 380 50
466 3 240 76
467 3 240 5
468 2 380 86
469 3 240 43
470 1 309 18
471 1 309 74
472 2 380 35
473 2 380 34
474 1 309 60
475 3 240 108
476 3 240 105
477 2 380 127
478 1 309 47
479 1 309 84
480 1 309 52
481 1 309 115
482 3 240 15
483 3 240 70
484 2 380 38
485 1 309 71
486 2 380 104
487 3 240 186
488 2 380 55
489 1 309 32
490 3 240 80
491 1 309 6
492 1 309 8
493 1 309 39
494 1 309 106
495 1 309 123
496 1 309 86
497 3 240 6
498 2 380 61
499 1 309 73
