# PAM results
# n = 2000
# k = 4
# total_cost = 171670

# medoids:
703 1644 966 869

# columns: vertex cluster medoid dist
0 3 869 68
1 2 966 120
2 0 703 69
3 3 869 67
4 3 869 69
5 0 703 121
6 0 703 120
7 2 966 122
8 2 966 118
9 2 966 120
10 1 1644 120
11 2 966 122
12 2 966 120
13 2 966 63
14 1 1644 124
15 2 966 64
16 2 966 60
17 0 703 69
18 0 703 122
19 2 966 69
20 2 966 121
21 0 703 67
22 1 1644 68
23 1 1644 69
24 1 1644 56
25 0 703 117
26 3 869 68
27 0 703 67
28 1 1644 66
29 3 869 118
30 0 703 66
31 1 1644 69
32 2 966 60
33 2 966 116
34 0 703 66
35 1 1644 66
36 1 1644 63
37 1 1644 66
38 2 966 62
39 0 703 123
40 2 966 114
41 2 966 62
42 2 966 119
43 2 966 121
44 3 869 66
45 2 966 61
46 3 869 69
47 2 966 122
48 1 1644 66
49 0 703 66
50 1 1644 121
51 2 966 64
52 2 966 67
53 2 966 121
54 0 703 67
55 1 1644 63
56 1 1644 55
57 0 703 68
58 2 966 67
59 2 966 66
60 1 1644 66
61 1 1644 119
62 0 703 66
63 2 966 119
64 3 869 68
65 3 869 60
66 0 703 66
67 2 966 63
68 0 703 64
69 1 1644 68
70 2 966 66
71 1 1644 119
72 0 703 65
73 2 966 124
74 0 703 58
75 0 703 67
76 1 1644 119
77 0 703 67
78 2 966 120
79 2 966 62
80 3 869 67
81 1 1644 127
82 2 966 68
83 3 869 62
84 2 966 67
85 2 966 68
86 3 869 65
87 2 966 119
88 2 966 69
89 0 703 69
90 0 703 68
91 2 966 67
92 2 966 121
93 1 1644 123
94 1 1644 69
95 1 1644 68
96 2 966 68
97 2 966 65
98 1 1644 122
99 0 703 122
100 3 869 68
101 2 966 121
102 2 966 116
103 2 966 69
104 1 1644 69
105 2 966 61
106 1 1644 114
107 1 1644 120
108 2 966 119
109 2 966 64
110 3 869 69
111 1 1644 119
112 0 703 69
113 2 966 65
114 2 966 121
115 1 1644 116
116 1 1644 121
117 2 966 118
118 1 1644 68
119 2 966 118
120 2 966 51
121 2 966 68
122 0 703 64
123 3 869 122
124 2 966 66
125 2 966 64
126 3 869 68
127 2 966 59
128 0 703 120
129 1 1644 60
130 1 1644 69
131 2 966 61
132 2 966 116
133 2 966 69
134 0 703 69
135 0 703 64
136 1 1644 123
137 0 703 64
138 2 966 119
139 3 869 67
140 1 1644 67
141 0 703 65
142 1 1644 121
143 2 966 116
144 1 1644 66
145 2 966 113
146 2 966 123
147 3 869 68
148 1 1644 69
149 0 703 116
150 2 966 66
151 3 869 65
152 0 703 55
153 0 703 121
154 2 966 67
155 2 966 121
156 0 703 61
157 2 966 65
158 2 966 61
159 1 1644 124
160 2 966 115
161 0 703 120
162 2 966 67
163 2 966 61
164 3 869 121
165 0 703 64
166 2 966 120
167 2 966 125
168 2 966 64
169 0 703 120
170 0 703 118
171 1 1644 119
172 2 966 69
173 0 703 69
174 2 966 124
175 2 966 119
176 2 966 64
177 0 703 123
178 2 966 119
179 1 1644 63
180 3 869 112
181 3 869 68
182 2 966 122
183 0 703 65
184 0 703 65
185 2 966 69
186 0 703 67
187 3 869 69
188 2 966 113
189 2 966 68
190 2 966 66
191 2 966 56
192 2 966 58
193 1 1644 67
194 2 966 61
195 0 703 120
196 2 966 122
197 1 1644 123
198 0 703 68
199 1 1644 68
200 2 966 62
201 1 1644 69
202 0 703 62
203 1 1644 121
204 2 966 62
205 0 703 62
206 2 966 68
207 1 1644 68
208 0 703 117
209 2 966 58
210 1 1644 68
211 1 1644 68
212 2 966 66
213 1 1644 69
214 2 966 63
215 2 966 67
216 3 869 68
217 0 703 64
218 2 966 66
219 2 966 64
220 0 703 117
221 3 869 65
222 0 703 122
223 2 966 119
224 3 869 68
225 0 703 63
226 2 966 66
227 2 966 67
228 2 966 64
229 2 966 66
230 2 966 63
231 0 703 69
232 2 966 68
233 3 869 67
234 3 869 69
235 3 869 68
236 0 703 124
237 0 703 65
238 3 869 68
239 2 966 59
240 2 966 118
241 0 703 69
242 0 703 124
243 3 869 66
244 3 869 64
245 2 966 118
246 1 1644 67
247 2 966 119
248 2 966 68
249 2 966 65
250 1 1644 121
251 2 966 66
252 0 703 67
253 2 966 122
254 1 1644 66
255 2 966 65
256 0 703 119
257 0 703 69
258 2 966 69
259 2 966 123
260 2 966 66
261 2 966 117
262 3 869 67
263 2 966 67
264 2 966 120
265 3 869 68
266 1 1644 115
267 2 966 120
268 2 966 67
269 1 1644 119
270 0 703 116
271 0 703 67
272 2 966 118
273 2 966 66
274 0 703 64
275 1 1644 65
276 0 703 122
277 1 1644 124
278 3 869 123
279 0 703 62
280 3 869 67
281 1 1644 124
282 2 966 66
283 2 966 119
284 1 1644 63
285 0 703 63
286 2 966 118
287 2 966 65
288 0 703 120
289 2 966 119
290 0 703 119
291 2 966 65
292 0 703 116
293 0 703 68
294 2 966 65
295 3 869 68
296 2 966 120
297 0 703 66
298 2 966 120
299 0 703 122
300 2 966 63
301 0 703 67
302 3 869 125
303 0 703 63
304 3 869 67
305 1 1644 121
306 3 869 69
307 2 966 68
308 2 966 118
309 3 869 119
310 0 703 69
311 2 966 69
312 0 703 118
313 0 703 123
314 1 1644 65
315 2 966 120
316 1 1644 66
317 3 869 120
318 1 1644 69
319 1 1644 67
320 1 1644 69
321 2 966 118
322 1 1644 64
323 1 1644 119
324 1 1644 60
325 1 1644 67
326 0 703 67
327 2 966 69
328 1 1644 119
329 0 703 68
330 2 966 66
331 1 1644 69
332 1 1644 118
333 1 1644 121
334 2 966 119
335 0 703 120
336 1 1644 62
337 1 1644 69
338 2 966 118
339 1 1644 123
340 1 1644 67
341 0 703 62
342 3 869 65
343 2 966 118
344 1 1644 121
345 0 703 63
346 2 966 62
347 0 703 69
348 2 966 65
349 2 966 118
350 2 966 120
351 2 966 124
352 1 1644 69
353 2 966 66
354 0 703 63
355 1 1644 65
356 0 703 64
357 1 1644 69
358 1 1644 65
359 0 703 69
360 3 869 66
361 0 703 68
362 3 869 122
363 1 1644 61
364 2 966 64
365 2 966 122
366 3 869 123
367 2 966 113
368 2 966 67
369 0 703 120
370 2 966 117
371 1 1644 65
372 2 966 64
373 0 703 63
374 2 966 60
375 2 966 115
376 0 703 69
377 1 1644 120
378 3 869 65
379 2 966 124
380 1 1644 115
381 0 703 120
382 1 1644 69
383 0 703 69
384 2 966 66
385 2 966 65
386 1 1644 57
387 2 966 122
388 0 703 68
389 0 703 123
390 2 966 115
391 0 703 125
392 2 966 120
393 0 703 64
394 2 966 120
395 2 966 116
396 0 703 54
397 1 1644 120
398 0 703 122
399 0 703 64
400 2 966 119
401 1 1644 122
402 1 1644 121
403 2 966 67
404 0 703 68
405 3 869 119
406 3 869 66
407 3 869 60
408 3 869 64
409 1 1644 66
410 0 703 64
411 2 966 122
412 1 1644 63
413 0 703 121
414 1 1644 117
415 2 966 122
416 0 703 60
417 1 1644 123
418 1 1644 67
419 2 966 67
420 2 966 67
421 2 966 63
422 0 703 67
423 1 1644 64
424 2 966 67
425 3 869 68
426 2 966 119
427 1 1644 67
428 0 703 65
429 1 1644 123
430 3 869 69
431 3 869 115
432 3 869 64
433 2 966 121
434 2 966 68
435 1 1644 120
436 0 703 69
437 3 869 66
438 0 703 68
439 3 869 69
440 2 966 119
441 2 966 63
442 1 1644 65
443 0 703 69
444 2 966 117
445 2 966 119
446 2 966 120
447 2 966 64
448 1 1644 115
449 0 703 119
450 0 703 66
451 3 869 122
452 3 869 65
453 3 869 66
454 0 703 121
455 1 1644 60
456 1 1644 66
457 3 869 64
458 1 1644 68
459 2 966 119
460 0 703 64
461 0 703 63
462 0 703 67
463 2 966 61
464 2 966 117
465 1 1644 67
466 0 703 69
467 2 966 61
468 2 966 122
469 1 1644 68
470 0 703 123
471 2 966 54
472 3 869 67
473 2 966 65
474 3 869 66
475 2 966 64
476 0 703 67
477 3 869 61
478 1 1644 68
479 2 966 67
480 1 1644 69
481 2 966 119
482 2 966 118
483 2 966 69
484 1 1644 55
485 0 703 122
486 0 703 118
487 0 703 66
488 0 703 62
489 2 966 119
490 1 1644 69
491 0 703 58
492 2 966 69
493 1 1644 69
494 0 703 67
495 3 869 121
496 1 1644 68
497 2 966 66
498 2 966 68
499 0 703 117
500 3 869 66
501 2 966 63
502 2 966 66
503 1 1644 68
504 1 1644 67
505 3 869 61
506 2 966 123
507 0 703 64
508 2 966 122
509 1 1644 121
510 1 1644 120
511 0 703 63
512 3 869 121
513 3 869 66
514 0 703 121
515 1 1644 120
516 0 703 116
517 0 703 62
518 2 966 119
519 1 1644 68
520 2 966 120
521 0 703 62
522 0 703 54
523 1 1644 115
524 3 869 68
525 3 869 66
526 2 966 62
527 0 703 66
528 1 1644 64
529 2 966 69
530 3 869 68
531 3 869 68
532 1 1644 64
533 2 966 64
534 2 966 67
535 2 966 124
536 3 869 69
537 3 869 66
538 2 966 118
539 0 703 118
540 1 1644 66
541 2 966 69
542 2 966 118
543 0 703 118
544 0 703 118
545 3 869 66
546 2 966 66
547 2 966 121
548 3 869 68
549 2 966 117
550 2 966 68
551 2 966 119
552 2 966 117
553 2 966 65
554 0 703 66
555 3 869 62
556 0 703 58
557 0 703 65
558 1 1644 120
559 1 1644 66
560 1 1644 65
561 2 966 65
562 2 966 119
563 2 966 119
564 1 1644 121
565 0 703 66
566 0 703 121
567 3 869 69
568 0 703 122
569 0 703 124
570 2 966 64
571 2 966 119
572 1 1644 122
573 0 703 69
574 3 869 121
575 0 703 120
576 2 966 69
577 2 966 119
578 2 966 123
579 2 966 61
580 2 966 69
581 2 966 113
582 2 966 63
583 1 1644 121
584 2 966 62
585 0 703 66
586 2 966 119
587 1 1644 121
588 2 966 124
589 2 966 118
590 2 966 68
591 2 966 121
592 0 703 68
593 0 703 68
594 1 1644 120
595 1 1644 65
596 2 966 56
597 0 703 64
598 3 869 68
599 2 966 61
600 1 1644 67
601 2 966 120
602 2 966 120
603 0 703 69
604 1 1644 67
605 2 966 68
606 1 1644 67
607 2 966 67
608 0 703 66
609 0 703 65
610 1 1644 68
611 2 966 121
612 2 966 113
613 3 869 68
614 2 966 118
615 1 1644 117
616 2 966 116
617 0 703 124
618 2 966 68
619 1 1644 124
620 0 703 64
621 0 703 66
622 1 1644 121
623 2 966 118
624 0 703 65
625 2 966 65
626 2 966 125
627 2 966 69
628 1 1644 69
629 0 703 117
630 2 966 123
631 2 966 119
632 1 1644 61
633 1 1644 121
634 2 966 63
635 2 966 60
636 2 966 66
637 0 703 67
638 2 966 67
639 2 966 68
640 3 869 68
641 2 966 64
642 2 966 61
643 0 703 68
644 0 703 67
645 1 1644 116
646 3 869 64
647 0 703 67
648 2 966 65
649 2 966 58
650 2 966 63
651 2 966 65
652 0 703 64
653 1 1644 124
654 2 966 118
655 2 966 66
656 2 966 65
657 3 869 62
658 2 966 63
659 3 869 66
660 0 703 67
661 2 966 64
662 1 1644 64
663 3 869 69
664 2 966 120
665 0 703 62
666 3 869 63
667 0 703 120
668 2 966 116
669 2 966 121
670 2 966 62
671 2 966 119
672 2 966 66
673 0 703 66
674 3 869 65
675 1 1644 117
676 1 1644 121
677 0 703 119
678 0 703 116
679 3 869 69
680 2 966 122
681 1 1644 124
682 3 869 69
683 0 703 119
684 0 703 69
685 2 966 69
686 2 966 64
687 2 966 115
688 3 869 121
689 0 703 117
690 1 1644 67
691 2 966 66
692 2 966 118
693 2 966 118
694 2 966 120
695 1 1644 69
696 1 1644 121
697 3 869 122
698 1 1644 120
699 3 869 69
700 2 966 124
701 1 1644 69
702 2 966 64
703 0 703 0
704 1 1644 57
705 0 703 69
706 1 1644 64
707 3 869 69
708 1 1644 122
709 2 966 117
710 2 966 65
711 3 869 122
712 3 869 66
713 3 869 65
714 2 966 69
715 0 703 116
716 2 966 117
717 3 869 62
718 2 966 124
719 1 1644 123
720 2 966 115
721 2 966 67
722 1 1644 68
723 2 966 60
724 1 1644 67
725 2 966 65
726 0 703 65
727 3 869 69
728 1 1644 68
729 0 703 68
730 0 703 68
731 3 869 68
732 2 966 119
733 1 1644 68
734 0 703 69
735 1 1644 69
736 2 966 123
737 2 966 116
738 2 966 65
739 2 966 66
740 1 1644 66
741 1 1644 69
742 0 703 122
743 2 966 68
744 2 966 116
745 2 966 57
746 2 966 120
747 1 1644 63
748 0 703 118
749 2 966 65
750 2 966 65
751 0 703 61
752 0 703 69
753 3 869 69
754 3 869 68
755 0 703 65
756 2 966 61
757 0 703 123
758 0 703 67
759 0 703 68
760 1 1644 68
761 2 966 65
762 1 1644 64
763 0 703 65
764 0 703 121
765 2 966 63
766 2 966 116
767 2 966 58
768 0 703 121
769 2 966 122
770 1 1644 65
771 3 869 116
772 1 1644 59
773 2 966 61
774 2 966 69
775 1 1644 121
776 2 966 65
777 2 966 65
778 2 966 64
779 0 703 69
780 2 966 64
781 2 966 121
782 2 966 64
783 0 703 122
784 2 966 118
785 1 1644 63
786 1 1644 123
787 0 703 69
788 2 966 59
789 0 703 63
790 2 966 69
791 2 966 67
792 2 966 118
793 2 966 115
794 0 703 69
795 2 966 60
796 1 1644 121
797 2 966 69
798 3 869 65
799 2 966 65
800 1 1644 62
801 3 869 64
802 1 1644 123
803 0 703 66
804 0 703 116
805 0 703 67
806 0 703 62
807 0 703 57
808 2 966 66
809 0 703 64
810 2 966 60
811 0 703 69
812 1 1644 119
813 3 869 68
814 3 869 67
815 1 1644 65
816 2 966 68
817 0 703 68
818 3 869 64
819 0 703 64
820 0 703 69
821 3 869 116
822 0 703 120
823 1 1644 59
824 1 1644 123
825 0 703 69
826 2 966 58
827 2 966 118
828 2 966 121
829 2 966 122
830 0 703 65
831 1 1644 116
832 2 966 121
833 1 1644 66
834 1 1644 122
835 3 869 69
836 0 703 67
837 2 966 115
838 0 703 64
839 2 966 120
840 2 966 118
841 2 966 68
842 2 966 59
843 2 966 66
844 2 966 68
845 1 1644 122
846 3 869 69
847 2 966 118
848 0 703 60
849 0 703 122
850 3 869 68
851 1 1644 63
852 2 966 120
853 1 1644 105
854 0 703 60
855 0 703 69
856 1 1644 59
857 0 703 119
858 2 966 121
859 1 1644 69
860 3 869 60
861 2 966 123
862 2 966 69
863 0 703 64
864 1 1644 68
865 2 966 68
866 2 966 119
867 1 1644 120
868 1 1644 60
869 3 869 0
870 2 966 116
871 2 966 58
872 2 966 65
873 2 966 64
874 3 869 66
875 1 1644 64
876 0 703 64
877 2 966 67
878 1 1644 63
879 2 966 59
880 0 703 120
881 2 966 65
882 1 1644 66
883 2 966 122
884 0 703 62
885 2 966 64
886 2 966 63
887 2 966 61
888 0 703 121
889 0 703 122
890 3 869 69
891 1 1644 124
892 0 703 117
893 1 1644 118
894 2 966 67
895 0 703 68
896 0 703 68
897 2 966 67
898 0 703 59
899 1 1644 85
900 2 966 62
901 0 703 119
902 0 703 68
903 0 703 120
904 0 703 68
905 1 1644 67
906 0 703 64
907 2 966 61
908 0 703 120
909 0 703 119
910 2 966 114
911 2 966 121
912 2 966 58
913 3 869 67
914 2 966 123
915 3 869 122
916 0 703 113
917 2 966 64
918 0 703 66
919 2 966 123
920 2 966 121
921 2 966 68
922 3 869 69
923 0 703 69
924 0 703 67
925 2 966 59
926 2 966 67
927 0 703 68
928 2 966 115
929 3 869 68
930 0 703 68
931 1 1644 119
932 2 966 64
933 1 1644 64
934 2 966 67
935 3 869 68
936 1 1644 120
937 0 703 63
938 1 1644 124
939 1 1644 66
940 0 703 122
941 0 703 68
942 1 1644 122
943 2 966 67
944 1 1644 64
945 1 1644 66
946 1 1644 122
947 2 966 122
948 0 703 56
949 2 966 117
950 2 966 118
951 0 703 69
952 2 966 97
953 0 703 69
954 2 966 66
955 2 966 120
956 2 966 67
957 2 966 119
958 0 703 116
959 2 966 64
960 2 966 121
961 3 869 123
962 2 966 67
963 2 966 113
964 2 966 68
965 3 869 117
966 2 966 0
967 1 1644 66
968 2 966 68
969 2 966 118
970 1 1644 65
971 2 966 69
972 3 869 69
973 1 1644 60
974 2 966 123
975 3 869 62
976 2 966 68
977 1 1644 108
978 2 966 117
979 0 703 67
980 2 966 63
981 3 869 66
982 0 703 115
983 0 703 60
984 0 703 68
985 3 869 64
986 2 966 123
987 2 966 64
988 1 1644 69
989 1 1644 66
990 0 703 67
991 2 966 66
992 1 1644 66
993 2 966 62
994 1 1644 120
995 1 1644 121
996 2 966 65
997 3 869 122
998 1 1644 120
999 0 703 62
1000 2 966 118
1001 3 869 62
1002 1 1644 68
1003 2 966 67
1004 2 966 119
1005 2 966 50
1006 0 703 59
1007 2 966 118
1008 2 966 119
1009 3 869 67
1010 2 966 117
1011 0 703 108
1012 0 703 69
1013 3 869 85
1014 2 966 122
1015 2 966 118
1016 1 1644 123
1017 2 966 63
1018 2 966 65
1019 2 966 67
1020 2 966 117
1021 0 703 65
1022 1 1644 61
1023 3 869 121
1024 2 966 124
1025 2 966 65
1026 2 966 68
1027 2 966 68
1028 2 966 119
1029 1 1644 68
1030 3 869 65
1031 2 966 56
1032 0 703 61
1033 1 1644 65
1034 2 966 60
1035 1 1644 116
1036 1 1644 69
1037 3 869 68
1038 2 966 62
1039 1 1644 122
1040 0 703 65
1041 2 966 121
1042 0 703 116
1043 2 966 66
1044 0 703 66
1045 2 966 65
1046 1 1644 65
1047 2 966 68
1048 2 966 119
1049 1 1644 65
1050 3 869 69
1051 1 1644 68
1052 2 966 122
1053 0 703 68
1054 1 1644 68
1055 2 966 66
1056 3 869 113
1057 0 703 64
1058 2 966 68
1059 0 703 61
1060 1 1644 66
1061 0 703 60
1062 3 869 123
1063 1 1644 67
1064 0 703 66
1065 1 1644 121
1066 1 1644 65
1067 2 966 65
1068 0 703 56
1069 1 1644 125
1070 1 1644 66
1071 3 869 69
1072 1 1644 68
1073 1 1644 61
1074 3 869 63
1075 0 703 69
1076 2 966 120
1077 1 1644 56
1078 0 703 68
1079 0 703 120
1080 0 703 124
1081 0 703 57
1082 2 966 61
1083 1 1644 121
1084 0 703 122
1085 2 966 66
1086 2 966 67
1087 1 1644 62
1088 3 869 67
1089 0 703 124
1090 2 966 66
1091 0 703 57
1092 2 966 69
1093 2 966 115
1094 2 966 114
1095 1 1644 121
1096 3 869 110
1097 2 966 61
1098 2 966 118
1099 2 966 119
1100 0 703 121
1101 2 966 64
1102 1 1644 120
1103 0 703 69
1104 2 966 66
1105 1 1644 62
1106 3 869 68
1107 0 703 69
1108 0 703 116
1109 0 703 66
1110 2 966 120
1111 2 966 68
1112 0 703 63
1113 2 966 121
1114 1 1644 59
1115 2 966 115
1116 1 1644 61
1117 3 869 66
1118 2 966 68
1119 2 966 67
1120 3 869 68
1121 2 966 118
1122 3 869 62
1123 1 1644 62
1124 2 966 67
1125 2 966 69
1126 0 703 61
1127 2 966 61
1128 1 1644 122
1129 1 1644 117
1130 2 966 99
1131 1 1644 63
1132 2 966 58
1133 2 966 67
1134 1 1644 66
1135 1 1644 122
1136 2 966 119
1137 2 966 125
1138 2 966 116
1139 1 1644 66
1140 1 1644 63
1141 2 966 69
1142 1 1644 68
1143 2 966 67
1144 2 966 67
1145 1 1644 60
1146 1 1644 68
1147 1 1644 69
1148 2 966 119
1149 0 703 118
1150 1 1644 68
1151 2 966 116
1152 2 966 116
1153 1 1644 62
1154 1 1644 117
1155 2 966 69
1156 0 703 66
1157 2 966 119
1158 0 703 122
1159 2 966 112
1160 0 703 117
1161 0 703 61
1162 2 966 69
1163 1 1644 62
1164 2 966 61
1165 1 1644 58
1166 1 1644 65
1167 3 869 66
1168 2 966 68
1169 1 1644 117
1170 1 1644 119
1171 1 1644 69
1172 0 703 66
1173 1 1644 56
1174 1 1644 121
1175 3 869 68
1176 0 703 69
1177 2 966 118
1178 1 1644 67
1179 1 1644 123
1180 0 703 69
1181 0 703 67
1182 2 966 120
1183 0 703 68
1184 1 1644 68
1185 2 966 122
1186 2 966 115
1187 1 1644 117
1188 0 703 68
1189 0 703 66
1190 2 966 65
1191 3 869 69
1192 1 1644 115
1193 3 869 66
1194 2 966 119
1195 2 966 67
1196 1 1644 66
1197 2 966 123
1198 2 966 113
1199 2 966 111
1200 1 1644 65
1201 0 703 67
1202 3 869 68
1203 3 869 68
1204 1 1644 69
1205 2 966 68
1206 1 1644 64
1207 1 1644 67
1208 2 966 114
1209 2 966 57
1210 1 1644 119
1211 3 869 67
1212 2 966 118
1213 2 966 121
1214 2 966 64
1215 1 1644 117
1216 1 1644 68
1217 3 869 64
1218 3 869 69
1219 0 703 69
1220 2 966 120
1221 1 1644 121
1222 2 966 64
1223 2 966 68
1224 3 869 68
1225 2 966 64
1226 0 703 117
1227 2 966 120
1228 1 1644 67
1229 2 966 119
1230 2 966 65
1231 2 966 117
1232 2 966 66
1233 2 966 64
1234 1 1644 121
1235 1 1644 66
1236 1 1644 67
1237 2 966 60
1238 1 1644 122
1239 2 966 67
1240 1 1644 69
1241 1 1644 65
1242 2 966 122
1243 0 703 67
1244 2 966 66
1245 1 1644 67
1246 1 1644 69
1247 0 703 122
1248 3 869 62
1249 2 966 123
1250 1 1644 69
1251 2 966 69
1252 2 966 66
1253 1 1644 66
1254 2 966 67
1255 2 966 119
1256 0 703 63
1257 1 1644 121
1258 3 869 68
1259 0 703 68
1260 0 703 66
1261 1 1644 66
1262 2 966 118
1263 0 703 65
1264 0 703 125
1265 0 703 124
1266 2 966 69
1267 0 703 67
1268 2 966 120
1269 2 966 53
1270 3 869 67
1271 2 966 66
1272 3 869 124
1273 2 966 118
1274 2 966 67
1275 1 1644 60
1276 1 1644 69
1277 1 1644 124
1278 2 966 69
1279 1 1644 121
1280 2 966 62
1281 0 703 67
1282 0 703 68
1283 2 966 67
1284 1 1644 58
1285 3 869 107
1286 1 1644 122
1287 3 869 69
1288 2 966 64
1289 1 1644 118
1290 1 1644 60
1291 1 1644 122
1292 2 966 120
1293 0 703 118
1294 2 966 68
1295 2 966 122
1296 1 1644 65
1297 3 869 69
1298 2 966 120
1299 3 869 68
1300 3 869 69
1301 1 1644 123
1302 2 966 68
1303 2 966 117
1304 0 703 66
1305 2 966 121
1306 0 703 117
1307 0 703 68
1308 0 703 63
1309 1 1644 124
1310 2 966 60
1311 1 1644 125
1312 0 703 117
1313 0 703 123
1314 2 966 118
1315 2 966 120
1316 3 869 65
1317 2 966 66
1318 0 703 121
1319 0 703 65
1320 1 1644 122
1321 1 1644 61
1322 1 1644 64
1323 2 966 66
1324 2 966 58
1325 2 966 67
1326 1 1644 120
1327 1 1644 124
1328 0 703 69
1329 2 966 66
1330 1 1644 69
1331 2 966 69
1332 0 703 66
1333 3 869 120
1334 0 703 65
1335 2 966 68
1336 2 966 120
1337 2 966 116
1338 2 966 118
1339 2 966 123
1340 2 966 116
1341 2 966 122
1342 2 966 116
1343 2 966 117
1344 1 1644 64
1345 2 966 69
1346 0 703 67
1347 1 1644 68
1348 2 966 69
1349 1 1644 123
1350 0 703 122
1351 1 1644 119
1352 2 966 121
1353 2 966 69
1354 0 703 122
1355 2 966 123
1356 2 966 68
1357 1 1644 123
1358 3 869 68
1359 1 1644 120
1360 0 703 68
1361 0 703 121
1362 3 869 118
1363 1 1644 65
1364 1 1644 121
1365 0 703 119
1366 2 966 112
1367 0 703 67
1368 2 966 118
1369 2 966 121
1370 0 703 66
1371 0 703 108
1372 1 1644 121
1373 2 966 69
1374 0 703 64
1375 2 966 122
1376 3 869 63
1377 0 703 63
1378 0 703 67
1379 3 869 68
1380 2 966 120
1381 2 966 119
1382 1 1644 63
1383 2 966 64
1384 0 703 64
1385 0 703 66
1386 3 869 68
1387 1 1644 61
1388 3 869 66
1389 1 1644 121
1390 1 1644 63
1391 0 703 69
1392 2 966 67
1393 1 1644 63
1394 0 703 61
1395 3 869 66
1396 3 869 69
1397 1 1644 69
1398 1 1644 64
1399 1 1644 69
1400 1 1644 69
1401 1 1644 62
1402 2 966 117
1403 2 966 121
1404 1 1644 69
1405 0 703 68
1406 2 966 114
1407 2 966 54
1408 2 966 117
1409 3 869 68
1410 0 703 68
1411 0 703 60
1412 2 966 58
1413 2 966 121
1414 0 703 119
1415 3 869 66
1416 2 966 65
1417 2 966 59
1418 1 1644 64
1419 3 869 66
1420 1 1644 67
1421 1 1644 67
1422 2 966 119
1423 1 1644 120
1424 1 1644 66
1425 1 1644 119
1426 2 966 60
1427 0 703 120
1428 2 966 119
1429 3 869 66
1430 2 966 121
1431 1 1644 122
1432 0 703 65
1433 1 1644 122
1434 3 869 67
1435 3 869 57
1436 0 703 66
1437 0 703 65
1438 2 966 69
1439 1 1644 68
1440 0 703 67
1441 0 703 66
1442 2 966 115
1443 1 1644 121
1444 2 966 64
1445 2 966 121
1446 3 869 122
1447 2 966 65
1448 0 703 124
1449 0 703 69
1450 3 869 68
1451 2 966 63
1452 1 1644 63
1453 1 1644 123
1454 0 703 68
1455 2 966 68
1456 3 869 63
1457 2 966 121
1458 2 966 69
1459 2 966 66
1460 0 703 119
1461 2 966 116
1462 2 966 120
1463 2 966 120
1464 0 703 118
1465 2 966 66
1466 0 703 65
1467 0 703 66
1468 1 1644 63
1469 1 1644 123
1470 2 966 118
1471 2 966 117
1472 3 869 64
1473 1 1644 68
1474 3 869 69
1475 0 703 121
1476 1 1644 67
1477 2 966 60
1478 2 966 67
1479 2 966 63
1480 1 1644 69
1481 1 1644 67
1482 3 869 64
1483 3 869 121
1484 0 703 62
1485 0 703 122
1486 2 966 62
1487 0 703 124
1488 2 966 64
1489 1 1644 69
1490 2 966 66
1491 1 1644 66
1492 1 1644 69
1493 1 1644 122
1494 1 1644 67
1495 0 703 67
1496 1 1644 121
1497 2 966 68
1498 3 869 69
1499 1 1644 121
1500 2 966 119
1501 2 966 68
1502 0 703 121
1503 2 966 114
1504 3 869 68
1505 2 966 123
1506 0 703 118
1507 0 703 67
1508 2 966 119
1509 0 703 68
1510 0 703 64
1511 1 1644 66
1512 3 869 119
1513 0 703 67
1514 1 1644 116
1515 1 1644 123
1516 1 1644 66
1517 1 1644 123
1518 2 966 66
1519 0 703 123
1520 3 869 69
1521 0 703 68
1522 2 966 122
1523 2 966 66
1524 3 869 123
1525 1 1644 121
1526 2 966 117
1527 2 966 67
1528 2 966 67
1529 1 1644 120
1530 2 966 55
1531 3 869 69
1532 2 966 62
1533 2 966 62
1534 2 966 68
1535 2 966 62
1536 2 966 117
1537 2 966 123
1538 2 966 69
1539 2 966 66
1540 2 966 62
1541 1 1644 68
1542 2 966 65
1543 1 1644 66
1544 0 703 68
1545 3 869 67
1546 0 703 63
1547 0 703 68
1548 0 703 68
1549 2 966 111
1550 1 1644 122
1551 1 1644 69
1552 0 703 120
1553 2 966 66
1554 1 1644 68
1555 0 703 68
1556 0 703 66
1557 3 869 69
1558 0 703 120
1559 3 869 124
1560 2 966 65
1561 3 869 122
1562 1 1644 65
1563 1 1644 63
1564 2 966 66
1565 2 966 66
1566 2 966 64
1567 2 966 63
1568 1 1644 64
1569 2 966 68
1570 1 1644 123
1571 2 966 68
1572 2 966 121
1573 3 869 121
1574 3 869 68
1575 3 869 68
1576 2 966 59
1577 3 869 68
1578 0 703 64
1579 3 869 68
1580 0 703 64
1581 1 1644 65
1582 2 966 119
1583 2 966 121
1584 2 966 65
1585 0 703 122
1586 1 1644 66
1587 2 966 67
1588 1 1644 60
1589 3 869 67
1590 0 703 67
1591 1 1644 119
1592 2 966 66
1593 0 703 123
1594 1 1644 123
1595 2 966 66
1596 2 966 66
1597 1 1644 67
1598 2 966 122
1599 1 1644 68
1600 2 966 65
1601 1 1644 118
1602 2 966 66
1603 0 703 65
1604 2 966 120
1605 0 703 121
1606 0 703 69
1607 2 966 118
1608 0 703 69
1609 2 966 120
1610 3 869 68
1611 0 703 118
1612 2 966 61
1613 2 966 56
1614 0 703 123
1615 0 703 66
1616 2 966 58
1617 2 966 122
1618 3 869 69
1619 3 869 67
1620 1 1644 62
1621 2 966 61
1622 1 1644 121
1623 2 966 123
1624 2 966 120
1625 3 869 67
1626 0 703 68
1627 0 703 69
1628 2 966 117
1629 2 966 119
1630 2 966 119
1631 2 966 65
1632 1 1644 119
1633 1 1644 65
1634 2 966 118
1635 1 1644 68
1636 2 966 118
1637 2 966 119
1638 0 703 65
1639 0 703 119
1640 2 966 64
1641 0 703 117
1642 0 703 64
1643 3 869 66
1644 1 1644 0
1645 0 703 64
1646 2 966 121
1647 1 1644 66
1648 0 703 122
1649 1 1644 63
1650 3 869 65
1651 0 703 65
1652 2 966 119
1653 2 966 65
1654 0 703 65
1655 1 1644 117
1656 1 1644 119
1657 0 703 67
1658 1 1644 122
1659 3 869 96
1660 2 966 122
1661 1 1644 108
1662 2 966 121
1663 1 1644 122
1664 1 1644 61
1665 3 869 68
1666 1 1644 67
1667 0 703 63
1668 0 703 115
1669 2 966 113
1670 3 869 67
1671 1 1644 59
1672 2 966 119
1673 0 703 121
1674 1 1644 68
1675 1 1644 67
1676 1 1644 64
1677 1 1644 122
1678 2 966 119
1679 0 703 123
1680 2 966 124
1681 1 1644 67
1682 0 703 117
1683 0 703 69
1684 2 966 61
1685 1 1644 120
1686 1 1644 93
1687 0 703 67
1688 2 966 61
1689 0 703 67
1690 2 966 115
1691 2 966 118
1692 2 966 64
1693 1 1644 125
1694 2 966 117
1695 2 966 61
1696 1 1644 120
1697 0 703 65
1698 1 1644 67
1699 2 966 116
1700 2 966 60
1701 1 1644 65
1702 1 1644 122
1703 2 966 62
1704 1 1644 122
1705 2 966 65
1706 2 966 118
1707 3 869 67
1708 0 703 124
1709 2 966 121
1710 0 703 122
1711 2 966 122
1712 2 966 122
1713 0 703 68
1714 3 869 65
1715 0 703 119
1716 0 703 118
1717 3 869 64
1718 0 703 125
1719 2 966 120
1720 3 869 125
1721 0 703 60
1722 2 966 64
1723 2 966 124
1724 2 966 66
1725 0 703 68
1726 0 703 121
1727 2 966 119
1728 0 703 69
1729 1 1644 67
1730 1 1644 64
1731 0 703 122
1732 2 966 63
1733 2 966 66
1734 1 1644 120
1735 2 966 68
1736 1 1644 67
1737 2 966 66
1738 1 1644 116
1739 2 966 66
1740 1 1644 116
1741 3 869 64
1742 2 966 117
1743 1 1644 121
1744 3 869 67
1745 2 966 119
1746 1 1644 65
1747 2 966 118
1748 2 966 66
1749 2 966 114
1750 1 1644 68
1751 0 703 66
1752 2 966 68
1753 3 869 118
1754 1 1644 65
1755 1 1644 67
1756 2 966 69
1757 1 1644 63
1758 2 966 120
1759 2 966 68
1760 0 703 67
1761 3 869 69
1762 2 966 68
1763 2 966 121
1764 2 966 117
1765 2 966 69
1766 3 869 66
1767 0 703 69
1768 2 966 118
1769 2 966 116
1770 2 966 63
1771 2 966 59
1772 1 1644 66
1773 2 966 117
1774 1 1644 122
1775 0 703 124
1776 1 1644 120
1777 2 966 120
1778 2 966 118
1779 2 966 118
1780 1 1644 120
1781 2 966 62
1782 2 966 115
1783 3 869 65
1784 0 703 65
1785 2 966 69
1786 0 703 122
1787 1 1644 62
1788 0 703 63
1789 0 703 65
1790 1 1644 123
1791 2 966 117
1792 1 1644 121
1793 1 1644 122
1794 0 703 68
1795 2 966 63
1796 3 869 57
1797 3 869 122
1798 2 966 120
1799 2 966 65
1800 3 869 67
1801 2 966 68
1802 2 966 101
1803 1 1644 63
1804 2 966 58
1805 2 966 119
1806 1 1644 68
1807 0 703 65
1808 1 1644 123
1809 0 703 63
1810 1 1644 64
1811 0 703 64
1812 2 966 64
1813 3 869 68
1814 2 966 68
1815 0 703 118
1816 0 703 68
1817 2 966 65
1818 2 966 69
1819 2 966 69
1820 3 869 67
1821 3 869 68
1822 0 703 122
1823 3 869 116
1824 1 1644 64
1825 2 966 58
1826 0 703 59
1827 2 966 121
1828 1 1644 59
1829 2 966 122
1830 2 966 66
1831 1 1644 66
1832 2 966 66
1833 3 869 69
1834 2 966 118
1835 2 966 60
1836 2 966 68
1837 1 1644 64
1838 1 1644 68
1839 0 703 66
1840 3 869 65
1841 0 703 67
1842 1 1644 118
1843 0 703 64
1844 0 703 65
1845 2 966 66
1846 1 1644 68
1847 0 703 69
1848 3 869 65
1849 2 966 110
1850 3 869 67
1851 1 1644 66
1852 2 966 116
1853 0 703 66
1854 3 869 68
1855 2 966 121
1856 3 869 68
1857 0 703 69
1858 2 966 65
1859 1 1644 63
1860 1 1644 69
1861 2 966 62
1862 2 966 120
1863 2 966 69
1864 1 1644 121
1865 0 703 59
1866 1 1644 124
1867 0 703 69
1868 0 703 122
1869 2 966 122
1870 3 869 67
1871 1 1644 117
1872 2 966 123
1873 2 966 59
1874 1 1644 122
1875 1 1644 64
1876 2 966 64
1877 2 966 64
1878 2 966 64
1879 1 1644 124
1880 2 966 118
1881 2 966 120
1882 0 703 60
1883 1 1644 114
1884 2 966 121
1885 2 966 67
1886 1 1644 120
1887 2 966 62
1888 2 966 66
1889 2 966 62
1890 1 1644 63
1891 0 703 66
1892 2 966 62
1893 1 1644 119
1894 2 966 69
1895 0 703 65
1896 2 966 69
1897 1 1644 62
1898 0 703 122
1899 0 703 119
1900 0 703 66
1901 2 966 66
1902 2 966 67
1903 3 869 61
1904 2 966 120
1905 2 966 59
1906 1 1644 121
1907 3 869 64
1908 2 966 61
1909 2 966 60
1910 1 1644 122
1911 3 869 66
1912 0 703 117
1913 3 869 69
1914 1 1644 61
1915 3 869 69
1916 2 966 65
1917 2 966 120
1918 2 966 115
1919 1 1644 117
1920 1 1644 68
1921 0 703 69
1922 3 869 57
1923 2 966 117
1924 1 1644 65
1925 1 1644 68
1926 0 703 65
1927 1 1644 68
1928 0 703 69
1929 2 966 120
1930 2 966 118
1931 0 703 119
1932 2 966 69
1933 2 966 122
1934 2 966 64
1935 0 703 120
1936 2 966 69
1937 1 1644 67
1938 2 966 60
1939 2 966 118
1940 2 966 67
1941 2 966 69
1942 2 966 114
1943 2 966 59
1944 0 703 121
1945 1 1644 69
1946 2 966 63
1947 2 966 65
1948 0 703 65
1949 2 966 66
1950 2 966 119
1951 2 966 66
1952 1 1644 69
1953 2 966 119
1954 2 966 120
1955 0 703 123
1956 1 1644 65
1957 2 966 120
1958 2 966 68
1959 1 1644 66
1960 2 966 118
1961 2 966 120
1962 0 703 67
1963 1 1644 66
1964 0 703 69
1965 2 966 121
1966 1 1644 121
1967 3 869 124
1968 1 1644 123
1969 2 966 122
1970 2 966 62
1971 0 703 66
1972 0 703 115
1973 2 966 116
1974 1 1644 123
1975 0 703 117
1976 0 703 68
1977 3 869 69
1978 0 703 124
1979 1 1644 109
1980 1 1644 122
1981 1 1644 64
1982 1 1644 65
1983 2 966 124
1984 1 1644 119
1985 3 869 67
1986 2 966 121
1987 1 1644 119
1988 2 966 120
1989 1 1644 66
1990 1 1644 124
1991 1 1644 69
1992 1 1644 67
1993 0 703 64
1994 2 966 115
1995 1 1644 118
1996 2 966 69
1997 0 703 59
1998 2 966 121
1999 2 966 119
